0.001	3.646515407
0.002	6.827573914
0.003	8.783279218
0.004	10.21895288
0.005	11.36256045
0.006	12.31783508
0.007	13.14104915
0.008	13.86626681
0.009	14.5157281
0.01	15.10478189
0.011	15.64448183
0.012	16.14306133
0.013	16.60682346
0.014	17.04070435
0.015	17.44864434
0.016	17.83384069
0.017	18.19892465
0.018	18.54608856
0.019	18.87717898
0.02	19.19376634
0.021	19.49719776
0.022	19.78863782
0.023	20.06910035
0.024	20.33947358
0.025	20.60054023
0.026	20.85299373
0.027	21.0974514
0.028	21.33446529
0.029	21.56453114
0.03	21.78809588
0.031	22.00556385
0.032	22.21730212
0.033	22.42364496
0.034	22.62489768
0.035	22.82133991
0.036	23.0132284
0.037	23.20079952
0.038	23.38427134
0.039	23.56384553
0.04	23.73970893
0.041	23.91203502
0.042	24.08098516
0.043	24.24670972
0.044	24.40934905
0.045	24.56903435
0.046	24.72588848
0.047	24.88002666
0.048	25.03155708
0.049	25.18058146
0.05	25.3271956
0.051	25.47148977
0.052	25.61354921
0.053	25.75345443
0.054	25.89128162
0.055	26.0271029
0.056	26.16098664
0.057	26.29299772
0.058	26.42319775
0.059	26.5516453
0.06	26.67839608
0.061	26.80350317
0.062	26.92701712
0.063	27.04898618
0.064	27.16945637
0.065	27.28847169
0.066	27.40607415
0.067	27.52230398
0.068	27.63719967
0.069	27.75079809
0.07	27.86313458
0.071	27.97424303
0.072	28.08415596
0.073	28.19290462
0.074	28.30051899
0.075	28.40702794
0.076	28.51245919
0.077	28.61683944
0.078	28.72019441
0.079	28.82254884
0.08	28.9239266
0.081	29.02435069
0.082	29.12384331
0.083	29.22242588
0.084	29.32011907
0.085	29.41694287
0.086	29.51291656
0.087	29.60805882
0.088	29.70238768
0.089	29.79592061
0.09	29.88867449
0.091	29.9806657
0.092	30.07191007
0.093	30.16242295
0.094	30.25221922
0.095	30.34131332
0.096	30.42971922
0.097	30.51745051
0.098	30.60452036
0.099	30.69094155
0.1	30.77672652
0.101	30.86188731
0.102	30.94643566
0.103	31.03038297
0.104	31.11374029
0.105	31.19651842
0.106	31.27872783
0.107	31.36037872
0.108	31.44148101
0.109	31.52204437
0.11	31.6020782
0.111	31.68159167
0.112	31.7605937
0.113	31.83909301
0.114	31.91709806
0.115	31.99461713
0.116	32.07165828
0.117	32.14822937
0.118	32.22433808
0.119	32.29999189
0.12	32.37519812
0.121	32.44996389
0.122	32.52429617
0.123	32.59820176
0.124	32.6716873
0.125	32.74475929
0.126	32.81742408
0.127	32.88968785
0.128	32.96155668
0.129	33.03303649
0.13	33.10413306
0.131	33.17485208
0.132	33.24519908
0.133	33.31517949
0.134	33.38479862
0.135	33.45406166
0.136	33.52297369
0.137	33.59153971
0.138	33.65976458
0.139	33.72765308
0.14	33.79520989
0.141	33.86243958
0.142	33.92934666
0.143	33.99593552
0.144	34.06221047
0.145	34.12817573
0.146	34.19383547
0.147	34.25919373
0.148	34.32425451
0.149	34.3890217
0.15	34.45349916
0.151	34.51769063
0.152	34.58159981
0.153	34.64523033
0.154	34.70858573
0.155	34.7716695
0.156	34.83448508
0.157	34.89703582
0.158	34.95932502
0.159	35.02135594
0.16	35.08313175
0.161	35.14465559
0.162	35.20593052
0.163	35.26695957
0.164	35.32774571
0.165	35.38829184
0.166	35.44860085
0.167	35.50867554
0.168	35.56851869
0.169	35.62813302
0.17	35.6875212
0.171	35.74668588
0.172	35.80562963
0.173	35.86435501
0.174	35.92286452
0.175	35.98116063
0.176	36.03924577
0.177	36.09712231
0.178	36.15479261
0.179	36.21225897
0.18	36.26952368
0.181	36.32658897
0.182	36.38345705
0.183	36.44013009
0.184	36.49661021
0.185	36.55289954
0.186	36.60900014
0.187	36.66491404
0.188	36.72064327
0.189	36.7761898
0.19	36.83155557
0.191	36.88674253
0.192	36.94175255
0.193	36.9965875
0.194	37.05124923
0.195	37.10573954
0.196	37.16006022
0.197	37.21421303
0.198	37.26819971
0.199	37.32202197
0.2	37.3756815
0.201	37.42917995
0.202	37.48251898
0.203	37.53570019
0.204	37.58872519
0.205	37.64159554
0.206	37.69431281
0.207	37.74687852
0.208	37.79929418
0.209	37.85156128
0.21	37.90368129
0.211	37.95565568
0.212	38.00748585
0.213	38.05917324
0.214	38.11071923
0.215	38.16212521
0.216	38.21339253
0.217	38.26452253
0.218	38.31551653
0.219	38.36637586
0.22	38.41710179
0.221	38.4676956
0.222	38.51815855
0.223	38.56849189
0.224	38.61869683
0.225	38.6687746
0.226	38.7187264
0.227	38.7685534
0.228	38.81825678
0.229	38.86783768
0.23	38.91729726
0.231	38.96663664
0.232	39.01585693
0.233	39.06495923
0.234	39.11394464
0.235	39.16281422
0.236	39.21156904
0.237	39.26021016
0.238	39.3087386
0.239	39.35715539
0.24	39.40546156
0.241	39.4536581
0.242	39.501746
0.243	39.54972624
0.244	39.59759981
0.245	39.64536764
0.246	39.6930307
0.247	39.74058991
0.248	39.78804622
0.249	39.83540053
0.25	39.88265375
0.251	39.92980678
0.252	39.9768605
0.253	40.02381581
0.254	40.07067356
0.255	40.11743461
0.256	40.16409982
0.257	40.21067002
0.258	40.25714606
0.259	40.30352876
0.26	40.34981892
0.261	40.39601736
0.262	40.44212488
0.263	40.48814227
0.264	40.53407031
0.265	40.57990978
0.266	40.62566145
0.267	40.67132607
0.268	40.71690439
0.269	40.76239717
0.27	40.80780513
0.271	40.85312902
0.272	40.89836955
0.273	40.94352743
0.274	40.98860339
0.275	41.03359811
0.276	41.0785123
0.277	41.12334664
0.278	41.16810182
0.279	41.21277851
0.28	41.25737739
0.281	41.30189911
0.282	41.34634434
0.283	41.39071372
0.284	41.4350079
0.285	41.47922752
0.286	41.52337322
0.287	41.56744562
0.288	41.61144534
0.289	41.655373
0.29	41.69922921
0.291	41.74301457
0.292	41.7867297
0.293	41.83037518
0.294	41.8739516
0.295	41.91745955
0.296	41.9608996
0.297	42.00427234
0.298	42.04757832
0.299	42.09081813
0.3	42.13399231
0.301	42.17710142
0.302	42.22014602
0.303	42.26312664
0.304	42.30604384
0.305	42.34889815
0.306	42.39169009
0.307	42.43442021
0.308	42.47708902
0.309	42.51969704
0.31	42.56224479
0.311	42.60473278
0.312	42.64716152
0.313	42.68953152
0.314	42.73184326
0.315	42.77409726
0.316	42.81629399
0.317	42.85843395
0.318	42.90051762
0.319	42.94254548
0.32	42.98451801
0.321	43.02643569
0.322	43.06829897
0.323	43.11010834
0.324	43.15186424
0.325	43.19356715
0.326	43.23521751
0.327	43.27681578
0.328	43.31836241
0.329	43.35985784
0.33	43.40130251
0.331	43.44269688
0.332	43.48404137
0.333	43.52533641
0.334	43.56658244
0.335	43.60777988
0.336	43.64892916
0.337	43.69003071
0.338	43.73108492
0.339	43.77209224
0.34	43.81305306
0.341	43.8539678
0.342	43.89483686
0.343	43.93566065
0.344	43.97643957
0.345	44.01717402
0.346	44.05786439
0.347	44.09851109
0.348	44.1391145
0.349	44.17967501
0.35	44.220193
0.351	44.26066887
0.352	44.30110299
0.353	44.34149575
0.354	44.38184751
0.355	44.42215866
0.356	44.46242956
0.357	44.50266059
0.358	44.54285211
0.359	44.5830045
0.36	44.6231181
0.361	44.66319329
0.362	44.70323042
0.363	44.74322985
0.364	44.78319194
0.365	44.82311703
0.366	44.86300548
0.367	44.90285763
0.368	44.94267385
0.369	44.98245445
0.37	45.0221998
0.371	45.06191024
0.372	45.10158609
0.373	45.1412277
0.374	45.18083541
0.375	45.22040954
0.376	45.25995043
0.377	45.29945842
0.378	45.33893382
0.379	45.37837696
0.38	45.41778818
0.381	45.45716779
0.382	45.49651611
0.383	45.53583347
0.384	45.57512018
0.385	45.61437656
0.386	45.65360292
0.387	45.69279959
0.388	45.73196686
0.389	45.77110506
0.39	45.81021448
0.391	45.84929545
0.392	45.88834826
0.393	45.92737322
0.394	45.96637063
0.395	46.0053408
0.396	46.04428403
0.397	46.08320061
0.398	46.12209084
0.399	46.16095502
0.4	46.19979345
0.401	46.23860642
0.402	46.27739422
0.403	46.31615715
0.404	46.35489549
0.405	46.39360953
0.406	46.43229957
0.407	46.47096588
0.408	46.50960876
0.409	46.54822849
0.41	46.58682535
0.411	46.62539963
0.412	46.6639516
0.413	46.70248154
0.414	46.74098974
0.415	46.77947648
0.416	46.81794203
0.417	46.85638666
0.418	46.89481065
0.419	46.93321428
0.42	46.97159781
0.421	47.00996153
0.422	47.0483057
0.423	47.08663059
0.424	47.12493647
0.425	47.16322361
0.426	47.20149227
0.427	47.23974273
0.428	47.27797525
0.429	47.3161901
0.43	47.35438753
0.431	47.39256781
0.432	47.43073121
0.433	47.46887799
0.434	47.5070084
0.435	47.54512271
0.436	47.58322117
0.437	47.62130405
0.438	47.65937161
0.439	47.69742409
0.44	47.73546177
0.441	47.77348488
0.442	47.8114937
0.443	47.84948847
0.444	47.88746944
0.445	47.92543688
0.446	47.96339103
0.447	48.00133215
0.448	48.03926048
0.449	48.07717628
0.45	48.1150798
0.451	48.15297128
0.452	48.19085099
0.453	48.22871916
0.454	48.26657604
0.455	48.30442189
0.456	48.34225695
0.457	48.38008146
0.458	48.41789567
0.459	48.45569984
0.46	48.49349419
0.461	48.53127899
0.462	48.56905446
0.463	48.60682087
0.464	48.64457844
0.465	48.68232743
0.466	48.72006808
0.467	48.75780062
0.468	48.79552531
0.469	48.83324238
0.47	48.87095207
0.471	48.90865463
0.472	48.94635029
0.473	48.9840393
0.474	49.0217219
0.475	49.05939833
0.476	49.09706882
0.477	49.13473362
0.478	49.17239297
0.479	49.2100471
0.48	49.24769625
0.481	49.28534066
0.482	49.32298057
0.483	49.36061622
0.484	49.39824785
0.485	49.43587569
0.486	49.47349997
0.487	49.51112095
0.488	49.54873885
0.489	49.58635391
0.49	49.62396638
0.491	49.66157647
0.492	49.69918444
0.493	49.73679052
0.494	49.77439495
0.495	49.81199796
0.496	49.84959978
0.497	49.88720066
0.498	49.92480084
0.499	49.96240054
0.5	50
0.501	50.03759946
0.502	50.07519916
0.503	50.11279934
0.504	50.15040022
0.505	50.18800204
0.506	50.22560505
0.507	50.26320948
0.508	50.30081556
0.509	50.33842353
0.51	50.37603362
0.511	50.41364609
0.512	50.45126115
0.513	50.48887905
0.514	50.52650003
0.515	50.56412431
0.516	50.60175215
0.517	50.63938378
0.518	50.67701943
0.519	50.71465934
0.52	50.75230375
0.521	50.7899529
0.522	50.82760703
0.523	50.86526638
0.524	50.90293118
0.525	50.94060167
0.526	50.9782781
0.527	51.0159607
0.528	51.05364971
0.529	51.09134537
0.53	51.12904793
0.531	51.16675762
0.532	51.20447469
0.533	51.24219938
0.534	51.27993192
0.535	51.31767257
0.536	51.35542156
0.537	51.39317913
0.538	51.43094554
0.539	51.46872101
0.54	51.50650581
0.541	51.54430016
0.542	51.58210433
0.543	51.61991854
0.544	51.65774305
0.545	51.69557811
0.546	51.73342396
0.547	51.77128084
0.548	51.80914901
0.549	51.84702872
0.55	51.8849202
0.551	51.92282372
0.552	51.96073952
0.553	51.99866785
0.554	52.03660897
0.555	52.07456312
0.556	52.11253056
0.557	52.15051153
0.558	52.1885063
0.559	52.22651512
0.56	52.26453823
0.561	52.30257591
0.562	52.34062839
0.563	52.37869595
0.564	52.41677883
0.565	52.45487729
0.566	52.4929916
0.567	52.53112201
0.568	52.56926879
0.569	52.60743219
0.57	52.64561247
0.571	52.6838099
0.572	52.72202475
0.573	52.76025727
0.574	52.79850773
0.575	52.83677639
0.576	52.87506353
0.577	52.91336941
0.578	52.9516943
0.579	52.99003847
0.58	53.02840219
0.581	53.06678572
0.582	53.10518935
0.583	53.14361334
0.584	53.18205797
0.585	53.22052352
0.586	53.25901026
0.587	53.29751846
0.588	53.3360484
0.589	53.37460037
0.59	53.41317465
0.591	53.45177151
0.592	53.49039124
0.593	53.52903412
0.594	53.56770043
0.595	53.60639047
0.596	53.64510451
0.597	53.68384285
0.598	53.72260578
0.599	53.76139358
0.6	53.80020655
0.601	53.83904498
0.602	53.87790916
0.603	53.91679939
0.604	53.95571597
0.605	53.9946592
0.606	54.03362937
0.607	54.07262678
0.608	54.11165174
0.609	54.15070455
0.61	54.18978552
0.611	54.22889494
0.612	54.26803314
0.613	54.30720041
0.614	54.34639708
0.615	54.38562344
0.616	54.42487982
0.617	54.46416653
0.618	54.50348389
0.619	54.54283221
0.62	54.58221182
0.621	54.62162304
0.622	54.66106618
0.623	54.70054158
0.624	54.74004957
0.625	54.77959046
0.626	54.81916459
0.627	54.8587723
0.628	54.89841391
0.629	54.93808976
0.63	54.9778002
0.631	55.01754555
0.632	55.05732615
0.633	55.09714237
0.634	55.13699452
0.635	55.17688297
0.636	55.21680806
0.637	55.25677015
0.638	55.29676958
0.639	55.33680671
0.64	55.3768819
0.641	55.4169955
0.642	55.45714789
0.643	55.49733941
0.644	55.53757044
0.645	55.57784134
0.646	55.61815249
0.647	55.65850425
0.648	55.69889701
0.649	55.73933113
0.65	55.779807
0.651	55.82032499
0.652	55.8608855
0.653	55.90148891
0.654	55.94213561
0.655	55.98282598
0.656	56.02356043
0.657	56.06433935
0.658	56.10516314
0.659	56.1460322
0.66	56.18694694
0.661	56.22790776
0.662	56.26891508
0.663	56.30996929
0.664	56.35107084
0.665	56.39222012
0.666	56.43341756
0.667	56.47466359
0.668	56.51595863
0.669	56.55730312
0.67	56.59869749
0.671	56.64014216
0.672	56.68163759
0.673	56.72318422
0.674	56.76478249
0.675	56.80643285
0.676	56.84813576
0.677	56.88989166
0.678	56.93170103
0.679	56.97356431
0.68	57.01548199
0.681	57.05745452
0.682	57.09948238
0.683	57.14156605
0.684	57.18370601
0.685	57.22590274
0.686	57.26815674
0.687	57.31046848
0.688	57.35283848
0.689	57.39526722
0.69	57.43775521
0.691	57.48030296
0.692	57.52291098
0.693	57.56557979
0.694	57.60830991
0.695	57.65110185
0.696	57.69395616
0.697	57.73687336
0.698	57.77985398
0.699	57.82289858
0.7	57.86600769
0.701	57.90918187
0.702	57.95242168
0.703	57.99572766
0.704	58.0391004
0.705	58.08254045
0.706	58.1260484
0.707	58.16962482
0.708	58.2132703
0.709	58.25698543
0.71	58.30077079
0.711	58.344627
0.712	58.38855466
0.713	58.43255438
0.714	58.47662678
0.715	58.52077248
0.716	58.5649921
0.717	58.60928628
0.718	58.65365566
0.719	58.69810089
0.72	58.74262261
0.721	58.78722149
0.722	58.83189818
0.723	58.87665336
0.724	58.9214877
0.725	58.96640189
0.726	59.01139661
0.727	59.05647257
0.728	59.10163045
0.729	59.14687098
0.73	59.19219487
0.731	59.23760283
0.732	59.28309561
0.733	59.32867393
0.734	59.37433855
0.735	59.42009022
0.736	59.46592969
0.737	59.51185773
0.738	59.55787512
0.739	59.60398264
0.74	59.65018108
0.741	59.69647124
0.742	59.74285394
0.743	59.78932998
0.744	59.83590018
0.745	59.88256539
0.746	59.92932644
0.747	59.97618419
0.748	60.0231395
0.749	60.07019322
0.75	60.11734625
0.751	60.16459947
0.752	60.21195378
0.753	60.25941009
0.754	60.3069693
0.755	60.35463236
0.756	60.40240019
0.757	60.45027376
0.758	60.498254
0.759	60.5463419
0.76	60.59453844
0.761	60.64284461
0.762	60.6912614
0.763	60.73978984
0.764	60.78843096
0.765	60.83718578
0.766	60.88605536
0.767	60.93504077
0.768	60.98414307
0.769	61.03336336
0.77	61.08270274
0.771	61.13216232
0.772	61.18174322
0.773	61.2314466
0.774	61.2812736
0.775	61.3312254
0.776	61.38130317
0.777	61.43150811
0.778	61.48184145
0.779	61.5323044
0.78	61.58289821
0.781	61.63362414
0.782	61.68448347
0.783	61.73547747
0.784	61.78660747
0.785	61.83787479
0.786	61.88928077
0.787	61.94082676
0.788	61.99251415
0.789	62.04434432
0.79	62.09631871
0.791	62.14843872
0.792	62.20070582
0.793	62.25312148
0.794	62.30568719
0.795	62.35840446
0.796	62.41127481
0.797	62.46429981
0.798	62.51748102
0.799	62.57082005
0.8	62.6243185
0.801	62.67797803
0.802	62.73180029
0.803	62.78578697
0.804	62.83993978
0.805	62.89426046
0.806	62.94875077
0.807	63.0034125
0.808	63.05824745
0.809	63.11325747
0.81	63.16844443
0.811	63.2238102
0.812	63.27935673
0.813	63.33508596
0.814	63.39099986
0.815	63.44710046
0.816	63.50338979
0.817	63.55986991
0.818	63.61654295
0.819	63.67341103
0.82	63.73047632
0.821	63.78774103
0.822	63.84520739
0.823	63.90287769
0.824	63.96075423
0.825	64.01883937
0.826	64.07713548
0.827	64.13564499
0.828	64.19437037
0.829	64.25331412
0.83	64.3124788
0.831	64.37186698
0.832	64.43148131
0.833	64.49132446
0.834	64.55139915
0.835	64.61170816
0.836	64.67225429
0.837	64.73304043
0.838	64.79406948
0.839	64.85534441
0.84	64.91686825
0.841	64.97864406
0.842	65.04067498
0.843	65.10296418
0.844	65.16551492
0.845	65.2283305
0.846	65.29141427
0.847	65.35476967
0.848	65.41840019
0.849	65.48230937
0.85	65.54650084
0.851	65.6109783
0.852	65.67574549
0.853	65.74080627
0.854	65.80616453
0.855	65.87182427
0.856	65.93778953
0.857	66.00406448
0.858	66.07065334
0.859	66.13756042
0.86	66.20479011
0.861	66.27234692
0.862	66.34023542
0.863	66.40846029
0.864	66.47702631
0.865	66.54593834
0.866	66.61520138
0.867	66.68482051
0.868	66.75480092
0.869	66.82514792
0.87	66.89586694
0.871	66.96696351
0.872	67.03844332
0.873	67.11031215
0.874	67.18257592
0.875	67.25524071
0.876	67.3283127
0.877	67.40179824
0.878	67.47570383
0.879	67.55003611
0.88	67.62480188
0.881	67.70000811
0.882	67.77566192
0.883	67.85177063
0.884	67.92834172
0.885	68.00538287
0.886	68.08290194
0.887	68.16090699
0.888	68.2394063
0.889	68.31840833
0.89	68.3979218
0.891	68.47795563
0.892	68.55851899
0.893	68.63962128
0.894	68.72127217
0.895	68.80348158
0.896	68.88625971
0.897	68.96961703
0.898	69.05356434
0.899	69.13811269
0.9	69.22327348
0.901	69.30905845
0.902	69.39547964
0.903	69.48254949
0.904	69.57028078
0.905	69.65868668
0.906	69.74778078
0.907	69.83757705
0.908	69.92808993
0.909	70.0193343
0.91	70.11132551
0.911	70.20407939
0.912	70.29761232
0.913	70.39194118
0.914	70.48708344
0.915	70.58305713
0.916	70.67988093
0.917	70.77757412
0.918	70.87615669
0.919	70.97564931
0.92	71.0760734
0.921	71.17745116
0.922	71.27980559
0.923	71.38316056
0.924	71.48754081
0.925	71.59297206
0.926	71.69948101
0.927	71.80709538
0.928	71.91584404
0.929	72.02575697
0.93	72.13686542
0.931	72.24920191
0.932	72.36280033
0.933	72.47769602
0.934	72.59392585
0.935	72.71152831
0.936	72.83054363
0.937	72.95101382
0.938	73.07298288
0.939	73.19649683
0.94	73.32160392
0.941	73.4483547
0.942	73.57680225
0.943	73.70700228
0.944	73.83901336
0.945	73.9728971
0.946	74.10871838
0.947	74.24654557
0.948	74.38645079
0.949	74.52851023
0.95	74.6728044
0.951	74.81941854
0.952	74.96844292
0.953	75.11997334
0.954	75.27411152
0.955	75.43096565
0.956	75.59065095
0.957	75.75329028
0.958	75.91901484
0.959	76.08796498
0.96	76.26029107
0.961	76.43615447
0.962	76.61572866
0.963	76.79920048
0.964	76.9867716
0.965	77.17866009
0.966	77.37510232
0.967	77.57635504
0.968	77.78269788
0.969	77.99443615
0.97	78.21190412
0.971	78.43546886
0.972	78.66553471
0.973	78.9025486
0.974	79.14700627
0.975	79.39945977
0.976	79.66052642
0.977	79.93089965
0.978	80.21136218
0.979	80.50280224
0.98	80.80623366
0.981	81.12282102
0.982	81.45391144
0.983	81.80107535
0.984	82.16615931
0.985	82.55135566
0.986	82.95929565
0.987	83.39317654
0.988	83.85693867
0.989	84.35551817
0.99	84.89521811
0.991	85.4842719
0.992	86.13373319
0.993	86.85895085
0.994	87.68216492
0.995	88.63743955
0.996	89.78104712
0.997	91.21672078
0.998	93.17242609
0.999	96.35348459
